0 8.14125
3 64.863583
20 318.530209
1 71.931708
19 151.450583
0 5.80325
10 114.25125
20 353.287584
4 80.70975
20 237.98175
0 5.675541
7 87.931875
20 262.905125
20 228.424292
20 221.313
20 2301.562459
18 156.311333
20 133.216209
0 4.690334
20 482.6985
5 103.348542
9 139.31675
7 100.615041
6 106.615125
10 137.264209
20 358.72675
0 6.419667
20 239.489958
1 47.243291
0 7.367417
20 420.84275
20 586.514708
0 5.058125
0 6.462208
2 106.91725
20 480.943708
20 297.068583
20 326.952584
20 269.158625
20 359.302334
20 214.996542
14 157.810291
0 11.018333
2 40.820542
10 140.145917
0 45.6035
20 309.837542
2 53.849916
20 331.219209
0 6.578416
0 57.576125
0 33.829541
12 158.2115
20 380.603833
20 367.221083
20 344.110667
0 12.09
11 133.918208
6 131.691417
20 200.208333
6 125.372
20 297.96375
8 92.339834
20 297.256167
20 474.663292
20 414.424708
20 290.831083
7 111.858583
0 6.757
20 384.133209
0 24.978917
20 388.071791
20 206.9385
14 166.173834
20 290.1085
20 211.205917
0 58.531
0 6.578375
20 232.77875
20 555.878792
0 6.276166
0 6.917625
20 241.483916
20 256.483
4 83.611083
20 200.691916
20 247.721166
1 57.910834
20 349.067417
20 379.844791
20 316.971166
20 320.897667
9 144.196291
20 372.260458
20 298.794167
20 160.745542
20 231.1545
20 287.947292
