0 8.8785
3 57.090917
20 252.139584
1 59.428917
19 121.7465
0 5.313958
10 88.590583
20 272.719584
4 65.334667
20 177.943708
0 5.278167
7 67.702
20 202.516958
20 175.619417
20 161.219708
20 246.62475
18 98.060166
20 86.094333
0 3.776125
20 320.702541
5 68.02225
9 91.285167
7 66.084042
6 69.254459
10 90.096041
20 231.58
0 5.329208
20 168.373584
1 33.200958
0 5.686375
20 283.050084
20 387.971125
0 4.322125
0 5.428959
2 72.3485
20 331.826917
20 210.697416
20 222.174833
20 176.065
20 239.873875
20 148.031791
14 103.556792
0 9.094542
2 30.093916
10 93.783125
0 32.508208
20 212.695667
2 39.161958
20 226.178667
0 5.4335
0 39.207875
0 24.492417
12 105.550833
20 254.73975
20 252.188917
20 252.476875
0 10.391875
11 90.385625
6 86.252583
20 135.974042
6 86.585125
20 213.626708
8 65.798083
20 205.931042
20 321.999
20 288.277
20 199.526792
7 77.258125
0 5.618292
20 263.635875
0 18.899458
20 272.016291
20 142.255375
14 111.699167
20 205.453916
20 144.633542
0 41.791625
0 5.589667
20 162.162125
20 372.094292
0 5.306625
0 5.667041
20 166.125625
20 165.154042
4 56.407458
20 137.703042
20 173.10825
1 42.056125
20 231.076083
20 261.170834
20 210.83975
20 219.874292
9 89.516291
20 242.492
20 207.679958
20 111.490667
20 158.117
20 192.837583
