messageId
2199024287978
2199024015670
2199023653410
2199027902124
2199023477055
2199028201472
2199029593860
2199024635860
2199025386102
2061586874379
2061585434447
2061588714733
2061589439479
2061589062514
2061585211913
2061585613127
2061590770592
2061585331303
2061584455740
2061589210883
2061584472985
2061587095744
2061589322194
2061588904516
2061588771045
2061587396413
2061585021266
2061585482889
2061586546204
2061587121020
2061584937412
2061589499125
2061586675223
2061588992051
2061588895182
2061587161427
2061589063836
2061585521198
2061588846746
2061589181268
2061589360338
2061588711729
2061585227982
2061584856248
2061585125271
2061588820321
2061585133648
2061585328786
2061590694803
2061586485833
2061586547438
2061585231462
2061584743095
2061589284218
2061584415314
2061588974607
2061584772259
2061585678348
2061587175183
2061590757541
2061584977465
2061588594923
2061589062749
2061589062442
2061585597143
2061590732186
2061589213187
2061587096593
2061584675660
2061586587600
2061587212077
2061584375398
2061585116819
2061588975691
2061585350157
2061584399374
2061585335916
2061589234558
2061584660235
2061586657781
2061585042062
2061586657835
2061584536092
2061587264343
2061589305379
2061585334286
2061586437752
2061586703036
2061588564671
2061585015472
2061588594376
2061585679180
2061590706402
2061585281227
2061589544315
2061589259842
2061584901612
2061586412811
2061589434419
2061589461479
2061585260734
2061589179260
2061587050320
2061588779060
2061584596268
2061587097607
2061585417613
2061588970004
2061585090082
2061589234253
2061586887148
2061585645347
2061586533652
2061588539985
2061585645010
2061584662465
2061586991983
2061586430358
2061586563653
2061588959927
1924145918464
1924150557715
1924148439791
1924150153821
1924146713585
1924147479946
1924145977136
1924151866312
1924151907709
1924145413013
1924145495749
1924151875063
1924151842982
1924148265390
1924149562100
1924147935052
1924148453257
1924145586366
1924149848600
1924149612584
1924151737823
1924151952947
1924150357390
1924148341816
1924146181297
1924145851782
1924147814592
1924149611633
1924146675418
1924145569993
1924145555785
1924148263647
1924145918707
1924146396784
1924148261065
1924146281261
1924150268146
1924148268881
1924145502640
1924147805878
1924146492559
1924145470167
1924150168325
1924148066266
1924149614754
1924146533996
1924149625287
1924151749130
1924146018034
1924145457934
1924148362043
1924150586408
1924148475983
1924150215170
1924146407903
1924148471495
1924145880444
1924148027914
1924146537412
1924150264707
1924147708518
1924149920171
1924147912375
1924145389242
1924147750566
1924150120686
1924148490302
1924150042647
1924149843698
1924148201696
1924145803111
1924150399964
1924145795848
1924150302262
1924148014845
1924145751069
1924151724882
1924146349859
1924145427843
1924145964736
1924146319851
1924145664728
1924145515904
1924146590241
1924150399576
1924150155014
1924148315638
1924150004377
1924148344063
1924146180983
1924147562756
1924145606047
1924148220288
1924146423086
1924145670366
1924148150074
1924150207803
1924150587402
1924148394439
1924146530892
1924150342345
1924146547119
1924147792727
1924150409728
1924149670022
1924150568815
1924146344697
1786708580200
1786711420318
1786709500309
1786707427751
1786708550035
1786709387482
1786710661341
1786708901502
1786710986824
1786711236717
1786712831709
1786709250469
1786706752682
1786708990718
1786708673818
1786708734908
1786711309422
1786708830842
1786706621774
1786709062430
1786706797474
1786706897225
1786711235692
1786711546745
1786706891565
1786707758583
1786707679032
1786709105249
1786711141609
1786712927357
1786707158130
1786707029823
1786709093901
1786707438339
1786712930271
1786711013036
1786707440263
1786707199217
1786710737498
1786711577409
1786711077726
1786709188862
1786709418979
1786713026576
1786706742343
1786710606847
1786708581222
1786707438628
1786706545779
1786708812757
1786708505824
1786708655130
1786710631403
1786707062208
1786706827515
1786710664386
1786706456829
1786709045886
1786708665999
1786711003947
1786710642664
1786707373336
1786711565828
1786707453342
1786710685523
1786710648833
1786711358224
1786709387943
1786708955077
1786706835060
1786707614146
1786706829096
1786711272203
1786711094153
1786709460456
1786709047381
1786707169891
1786711370267
1786707574830
1786706819511
1786712875456
1786711471982
1786707184937
1786709099578
1786706422153
1786712734243
1786711158196
1786712993086
1786707698483
1786712799549
1786711022480
1786708673256
1786706829179
1786706576493
1786709011306
1786711363164
1786708552708
1786706886026
1786707201246
1786711534071
1786706668584
1786712996961
1786710623786
1786711530417
1786707223329
1786706502853
1786709024616
1649272559644
1649268327116
1649272468770
1649270183697
1649268176144
1649273736278
1649272434325
1649268053632
1649267942745
1649272245766
1649268098408
1649270026769
1649271984505
1649268631208
1649271786870
1649268269277
1649273735857
1649268652740
1649271901567
1649269698182
1649272542074
1649270320076
1649272456192
1649268335275
1649272197932
1649267511655
1649270409034
1649268645511
1649268726976
1649272085327
1649269877599
1649269643160
1649268520109
1649269571049
1649274039289
1649269742945
1649270236016
1649270432403
1649267914644
1649270106111
1649269644813
1649268499152
1649268257946
1649267844836
1649268680095
1649274039665
1649268285185
1649274010920
1649270436767
1649268258493
1649268035356
1649271645748
1649272075948
1649268187196
1649269880127
1649273790670
1649268783090
1649273917928
1649269976842
1649268160455
1649267986188
1649271797737
1649271707637
1649269618122
1649270065283
1649267464614
1649268134591
1649268526703
1649271929653
1649267877243
1649269667071
1649271859904
1649267735710
1649267776222
1649272256650
1649271672860
1649272350484
1649268807038
1649270580113
1649272271767
1649271818137
1649267898536
1649267525266
1649268112553
1649273842255
1649268316978
1649271877320
1649272441250
1649273988844
1649273993618
1511829390291
1511829012796
1511831439955
1511829225507
1511835020253
1511829507769
1511830633995
1511829159259
1511828558674
1511834810370
1511831479631
1511833244736
1511833071601
1511831362668
1511833082840
1511835017218
1511834825320
1511831122807
1511832870767
1511833493376
1511830631166
1511833298988
1511828819138
1511830690655
1511830815833
1511828894345
1511829654326
1511828491383
1511829311349
1511831296172
1511831438212
1511833102300
1511834947162
1511829647741
1511829291602
1511833532910
1511829158046
1511834867920
1511829116031
1511829654413
1511831535971
1511835059659
1511834968483
1511831079462
1511832779927
1511832795235
1511830630796
1511828890062
1511831178017
1511829271320
1511833605701
1511831449908
1511829340952
1511833138861
1511833336361
1511831449966
1511828624647
1511831172662
1511829439159
1511835004809
1511831397575
1511830766164
1511828772636
1511833613906
1511829148380
1511834905473
1511834918032
1511832864791
1511829778006
1511829853490
1511832836681
1511829086467
1511831087828
1511831241880
1511828912850
1511829261774
1511828739009
1511830770235
1511833505383
1511829541404
1511829852883
1511833380010
1511832992501
1511834838701
1511828846501
1511835102975
1374395984635
1374392362686
1374390607604
1374395930980
1374392527637
1374389566756
1374392496543
1374390026334
1374392262793
1374390263015
1374394221052
1374394735977
1374392596750
1374394567119
1374392649241
1374395842110
1374390017543
1374389635821
1374390859432
1374390074530
1374392613846
1374390456808
1374393738222
1374390815916
1374392196721
1374389591069
1374389821353
1374390072139
1374389929045
1374391924557
1374394192904
1374391924661
1374391667116
1374391838117
1374394324930
1374392039980
1374389668688
1374392388952
1374396038582
1374392075987
1374390728703
1374390496510
1374394370589
1374389865378
1374390205529
1374392320861
1374395882779
1374390782396
1374393989382
1374390189304
1374390776494
1374389840437
1374390703447
1374389620738
1374394176231
1374392189706
1374390155681
1374390491432
1374391881361
1374392000287
1374392512173
1374390453648
1374392094460
1374394461957
1374392388916
1374394424943
1374390176432
1374390780120
1374389674187
1374393805217
1374394148213
1374394549110
1374394725565
1374394550262
1374395922408
1374389676416
1374390070318
1374390168742
1374394281884
1374396100002
1374394202594
1374390660941
1374392077118
1374392405102
1374389698952
1374391814638
1374393927625
1374394567304
1374389773211
1374392509671
1374391721172
1374393838977
1374390630494
1374392521353
1374390030280
1374390305735
1236951602292
1236955237095
1236953069968
1236953639991
1236953593398
1236951403244
1236951074089
1236953342067
1236954919738
1236951342868
1236952759311
1236950940879
1236953427831
1236953364793
1236953621266
1236953660725
1236957092186
1236954972256
1236951845066
1236957212673
1236951322290
1236951616896
1236953490388
1236955174309
1236952802214
1236955013019
1236952783647
1236951048453
1236955574624
1236955508666
1236950686142
1236951820641
1236951941574
1236952770348
1236950873980
1236952892550
1236953531205
1236953193033
1236953220821
1236952765727
1236954906946
1236951494961
1236955106123
1236951367282
1236951710260
1236951037142
1236955812494
1236951407939
1236953208095
1236953470405
1236952918326
1236955551955
1236955481979
1236951678027
1236951120196
1236953493235
1236955665860
1236954969196
1236955544889
1236955683849
1236951524145
1236954792032
1236951176056
1236951101329
1236955434499
1236951524224
1099511676429
1099516240556
1099513828305
1099512913132
1099515924906
1099513753063
1099514180195
1099514175909
1099512079079
1099518175926
1099518018684
1099512722009
1099512312708
1099512667077
1099512963338
1099512125681
1099516188631
1099512471222
1099514259042
1099514312865
1099514186985
1099516785342
1099516359061
1099512445934
1099513896936
1099512476397
1099512443894
1099518108579
1099515838294
1099516532379
1099513969596
1099511794098
1099514269381
1099516183006
1099512192099
1099516807407
1099511907066
1099514330870
1099515908747
1099511711497
1099516704243
1099514533521
1099514559971
1099512361152
1099512209725
1099513757720
1099512809504
1099512381549
1099512443935
1099512741700
1099516629552
1099518034384
1099512005399
1099516454371
1099516814660
1099516474299
1099514496435
1099512330506
1099514062622
1099516522706
1099516595990
962075514751
962072706185
962077509598
962075542600
962077758922
962075323617
962075250848
962074986218
962073835184
962073135037
962076937781
962073950148
962073955607
962075405678
962077607819
962079182088
962077539899
962073688115
962079052008
962073557827
962074008645
962073302904
962075363524
962075280529
962075092222
962073335029
962075699451
962073749485
962076873142
962073854042
962075200708
962073130354
962073052730
962077236682
962077309696
962073343431
962073378204
962073130324
962077278806
962073338686
962073299992
962077159812
962073324436
962073207958
962072892717
962077089699
962075063159
962075715958
962079063152
962075255913
962073342157
962075720071
962072953425
962073195823
962075405135
962077779061
962079066506
962077082894
962075444673
962073199255
962072847169
824633727494
824638895606
824640229864
824638458391
824640076314
824636569479
824636668518
824634223640
824633954987
824638618551
824634677526
824637923887
824634302121
824634268667
824636660218
824633989140
824637933192
824634278863
824638015137
824638430007
824638617813
824636358672
824635896510
824638803857
824636561698
824636201082
824636465536
824640208796
824636321440
824634855799
824636202119
824637931301
824640173424
824636050158
824638398203
824638881585
824637985003
824636493289
824638680141
824634750025
824638798299
824638651578
824640339934
824635830290
824638215194
824634961313
824634094477
824636573143
824633762964
824634707382
824635049004
824638458149
824634250808
687195709468
687194800259
687194900946
687197446624
687196133326
687197454813
687198984619
687195041570
687201398179
687196916665
687196916733
687195713499
687197200782
687197067612
687194930414
687195938712
687199328887
687197528472
687195888649
687194897429
687194932245
687194881758
687197114312
687195793842
687197844661
687199025897
687197536451
687199629351
687199165376
687195725521
687195650429
687199840500
687197100781
687199203633
687201247894
687199083517
687201351834
687197669966
687195489428
687199595810
687199135929
687199761923
687197539856
549756309291
549760064633
549760297856
549762222714
549758104521
549755895400
549755897380
549762335652
549756314731
549755898384
549760937566
549758108403
549760338291
549758113924
549762231104
549758226669
549756194501
549758225165
549756508287
549758531528
549758863543
549760372227
549761039002
549760509675
549760961662
549756845218
549760479075
549760363326
549760764694
549758039063
549756567748
549758143072
549755887318
549758896475
549760853773
549760853914
549756364280
549756979101
549757093866
549761036226
412319866254
412323246252
412321597333
412317927661
412319410404
412321709010
412319864408
412319370848
412317514598
412317875093
412319237696
412317620695
412317478535
412319036565
412319037034
412319782154
412318063246
412316862429
412319795449
412319964871
412317761222
412319797941
412321066306
412319936382
412319120188
412317700945
412319831550
412318120950
412319109121
412319270227
274882566652
274878168683
274878112260
274883054398
274879259856
274880132312
274883015968
274877943639
274883049052
274882606000
274878358644
274882827620
274880087370
274882227522
274880945729
274882348584
274880089784
274882383718
274878392096
274878920673
274878592069
274878385583
137439815192
137439326937
137441926499
137445330726
137441561241
137439713814
137441875278
137443501534
137439934835
137441625277
137440309313
137444126268
2499255
4781058
402409
4625466
116508
