6.508042
5.789292
5.27525
5.067291
5.58125
4.930458
4.855875
4.301917
4.861542
4.630042
4.662375
4.733125
2.384375
4.616875
4.926084
4.644459
4.75475
4.901334
4.632416
4.131625
4.941125
4.504292
4.620958
3.928625
4.254625
4.132916
4.75625
4.15375
4.613666
4.570458
4.191041
4.535333
4.412458
4.174917
4.496166
4.806083
4.830875
4.301125
4.585916
4.436041
4.472709
4.287584
3.457625
4.498958
4.210667
4.088334
4.502125
4.719167
5.319917
4.724708
4.370583
4.293541
4.316584
1.128708
4.305875
4.168917
4.192416
4.3285
4.55575
4.603
4.6185
4.772167
4.685583
4.617042
4.62975
4.806417
5.036542
4.522375
4.157125
4.338625
4.011459
4.333125
4.223083
4.000125
4.131458
0.168709
4.039792
3.803084
4.030416
3.396792
0.784542
3.329292
3.684583
3.506209
3.581042
3.462
4.136625
3.605875
3.604666
3.832667
3.386417
3.278375
3.365542
3.763417
3.447833
3.749625
1.281417
3.707375
